1.899999999999999953e-02 8.579999999999999849e-01 1.229999999999999982e-01
2.400000000000000050e-02 8.279999999999999583e-01 1.469999999999999918e-01
3.599999999999999728e-02 5.959999999999999742e-01 3.679999999999999938e-01
2.000000000000000042e-02 7.950000000000000400e-01 1.849999999999999978e-01
3.400000000000000244e-02 8.129999999999999449e-01 1.529999999999999971e-01
4.000000000000000083e-02 8.249999999999999556e-01 1.350000000000000089e-01
8.000000000000000167e-03 9.080000000000000293e-01 8.300000000000000433e-02
4.700000000000000011e-02 7.560000000000000053e-01 1.970000000000000084e-01
4.900000000000000189e-02 7.710000000000000187e-01 1.799999999999999933e-01
5.500000000000000028e-02 7.630000000000000115e-01 1.819999999999999951e-01
3.599999999999999728e-02 6.949999999999999512e-01 2.690000000000000169e-01
2.199999999999999872e-02 6.700000000000000400e-01 3.069999999999999951e-01
4.900000000000000189e-02 7.840000000000000302e-01 1.660000000000000087e-01
2.800000000000000058e-02 8.149999999999999467e-01 1.570000000000000007e-01
3.400000000000000244e-02 6.330000000000000071e-01 3.320000000000000173e-01
2.299999999999999961e-02 8.669999999999999929e-01 1.089999999999999997e-01
1.700000000000000122e-02 7.560000000000000053e-01 2.270000000000000073e-01
3.699999999999999817e-02 8.149999999999999467e-01 1.479999999999999927e-01
3.400000000000000244e-02 6.340000000000000080e-01 3.320000000000000173e-01
2.400000000000000050e-02 7.580000000000000071e-01 2.190000000000000002e-01
