3.099999999999999978e-02 8.589999999999999858e-01 1.100000000000000006e-01
2.999999999999999889e-02 8.880000000000000115e-01 8.200000000000000344e-02
3.699999999999999817e-02 8.469999999999999751e-01 1.160000000000000059e-01
4.499999999999999833e-02 7.530000000000000027e-01 2.020000000000000129e-01
4.200000000000000261e-02 6.730000000000000426e-01 2.849999999999999756e-01
2.100000000000000130e-02 6.209999999999999964e-01 3.579999999999999849e-01
3.200000000000000067e-02 7.489999999999999991e-01 2.190000000000000002e-01
4.299999999999999656e-02 9.260000000000000453e-01 3.099999999999999978e-02
5.399999999999999939e-02 7.469999999999999973e-01 2.000000000000000111e-01
1.600000000000000033e-02 8.129999999999999449e-01 1.710000000000000131e-01
2.100000000000000130e-02 7.520000000000000018e-01 2.270000000000000073e-01
2.000000000000000042e-02 6.770000000000000462e-01 3.029999999999999916e-01
3.400000000000000244e-02 8.459999999999999742e-01 1.189999999999999947e-01
2.299999999999999961e-02 7.920000000000000373e-01 1.859999999999999987e-01
2.800000000000000058e-02 7.680000000000000160e-01 2.039999999999999869e-01
3.099999999999999978e-02 8.910000000000000142e-01 7.799999999999999989e-02
2.000000000000000042e-02 8.030000000000000471e-01 1.779999999999999916e-01
3.400000000000000244e-02 7.049999999999999600e-01 2.620000000000000107e-01
3.799999999999999906e-02 6.780000000000000471e-01 2.839999999999999747e-01
8.999999999999999320e-03 8.649999999999999911e-01 1.250000000000000000e-01
