1.600000000000000033e-02 8.179999999999999494e-01 1.650000000000000078e-01
1.000000000000000021e-02 8.940000000000000169e-01 9.600000000000000200e-02
5.399999999999999939e-02 7.399999999999999911e-01 2.059999999999999887e-01
1.499999999999999944e-02 8.780000000000000027e-01 1.069999999999999979e-01
6.000000000000000125e-03 8.319999999999999618e-01 1.620000000000000051e-01
1.000000000000000021e-02 9.899999999999999911e-01 0.000000000000000000e+00
9.400000000000000022e-02 8.970000000000000195e-01 8.000000000000000167e-03
3.400000000000000244e-02 6.580000000000000293e-01 3.069999999999999951e-01
4.100000000000000172e-02 7.249999999999999778e-01 2.349999999999999867e-01
2.000000000000000042e-03 8.709999999999999964e-01 1.270000000000000018e-01
9.600000000000000200e-02 6.820000000000000506e-01 2.220000000000000029e-01
7.199999999999999456e-02 7.840000000000000302e-01 1.439999999999999891e-01
2.100000000000000130e-02 9.529999999999999583e-01 2.599999999999999881e-02
8.300000000000000433e-02 5.959999999999999742e-01 3.200000000000000067e-01
2.000000000000000042e-03 7.269999999999999796e-01 2.700000000000000178e-01
