2.000000000000000042e-03 8.249999999999999556e-01 1.719999999999999862e-01
5.199999999999999761e-02 8.319999999999999618e-01 1.160000000000000059e-01
5.000000000000000104e-03 9.749999999999999778e-01 2.000000000000000042e-02
7.399999999999999634e-02 7.580000000000000071e-01 1.680000000000000104e-01
8.999999999999999320e-03 6.149999999999999911e-01 3.750000000000000000e-01
1.299999999999999940e-02 7.289999999999999813e-01 2.580000000000000071e-01
4.499999999999999833e-02 4.709999999999999742e-01 4.839999999999999858e-01
3.899999999999999994e-02 8.639999999999999902e-01 9.700000000000000289e-02
7.799999999999999989e-02 8.209999999999999520e-01 1.000000000000000056e-01
6.000000000000000125e-03 9.449999999999999512e-01 4.900000000000000189e-02
2.299999999999999961e-02 9.769999999999999796e-01 0.000000000000000000e+00
1.600000000000000033e-02 4.829999999999999849e-01 5.010000000000000009e-01
3.000000000000000062e-03 5.859999999999999654e-01 4.109999999999999765e-01
1.400000000000000029e-02 9.859999999999999876e-01 0.000000000000000000e+00
6.000000000000000125e-03 6.229999999999999982e-01 3.719999999999999973e-01
