9.900000000000000466e-02 6.440000000000000169e-01 2.580000000000000071e-01
3.000000000000000062e-03 9.010000000000000231e-01 9.500000000000000111e-02
2.000000000000000042e-03 6.969999999999999529e-01 2.999999999999999889e-01
8.999999999999999320e-03 8.950000000000000178e-01 9.600000000000000200e-02
5.099999999999999672e-02 6.580000000000000293e-01 2.909999999999999809e-01
3.699999999999999817e-02 8.139999999999999458e-01 1.489999999999999936e-01
6.000000000000000125e-03 9.899999999999999911e-01 5.000000000000000104e-03
5.000000000000000278e-02 9.260000000000000453e-01 2.400000000000000050e-02
4.100000000000000172e-02 9.509999999999999565e-01 8.000000000000000167e-03
8.699999999999999400e-02 9.130000000000000338e-01 0.000000000000000000e+00
6.700000000000000400e-02 9.330000000000000515e-01 0.000000000000000000e+00
7.499999999999999722e-02 6.879999999999999449e-01 2.369999999999999885e-01
3.200000000000000067e-02 9.629999999999999671e-01 5.000000000000000104e-03
2.000000000000000042e-03 9.969999999999999973e-01 0.000000000000000000e+00
3.400000000000000244e-02 9.599999999999999645e-01 6.000000000000000125e-03
