1.200000000000000025e-02 9.789999999999999813e-01 8.999999999999999320e-03
3.000000000000000062e-03 6.129999999999999893e-01 3.850000000000000089e-01
5.500000000000000028e-02 3.499999999999999778e-01 5.949999999999999734e-01
3.000000000000000062e-03 6.460000000000000187e-01 3.509999999999999787e-01
2.000000000000000042e-03 9.979999999999999982e-01 0.000000000000000000e+00
1.799999999999999864e-02 9.809999999999999831e-01 1.000000000000000021e-03
1.099999999999999936e-02 7.149999999999999689e-01 2.740000000000000213e-01
1.700000000000000122e-02 6.510000000000000231e-01 3.320000000000000173e-01
6.000000000000000125e-03 9.200000000000000400e-01 7.399999999999999634e-02
2.900000000000000147e-02 7.249999999999999778e-01 2.459999999999999964e-01
5.999999999999999778e-02 7.419999999999999929e-01 1.980000000000000093e-01
4.100000000000000172e-02 6.570000000000000284e-01 3.019999999999999907e-01
5.700000000000000205e-02 4.849999999999999867e-01 4.590000000000000191e-01
2.800000000000000058e-02 4.650000000000000244e-01 5.060000000000000053e-01
1.700000000000000122e-02 9.829999999999999849e-01 0.000000000000000000e+00
