2.100000000000000130e-02 9.549999999999999600e-01 2.400000000000000050e-02
1.700000000000000122e-02 9.140000000000000346e-01 7.000000000000000666e-02
8.100000000000000255e-02 6.149999999999999911e-01 3.039999999999999925e-01
7.799999999999999989e-02 7.640000000000000124e-01 1.580000000000000016e-01
2.100000000000000130e-02 7.930000000000000382e-01 1.859999999999999987e-01
5.399999999999999939e-02 6.879999999999999449e-01 2.580000000000000071e-01
7.000000000000000146e-03 5.869999999999999662e-01 4.060000000000000275e-01
2.000000000000000042e-03 7.059999999999999609e-01 2.929999999999999827e-01
4.000000000000000083e-03 9.959999999999999964e-01 0.000000000000000000e+00
4.000000000000000083e-02 8.529999999999999805e-01 1.079999999999999988e-01
1.499999999999999944e-02 7.069999999999999618e-01 2.780000000000000249e-01
3.099999999999999978e-02 9.679999999999999716e-01 0.000000000000000000e+00
0.000000000000000000e+00 5.899999999999999689e-01 4.089999999999999747e-01
3.200000000000000067e-02 6.360000000000000098e-01 3.320000000000000173e-01
2.599999999999999881e-02 8.329999999999999627e-01 1.409999999999999865e-01
