2.100000000000000130e-02 7.570000000000000062e-01 2.230000000000000038e-01
1.000000000000000021e-03 9.509999999999999565e-01 4.900000000000000189e-02
7.000000000000000146e-03 7.379999999999999893e-01 2.560000000000000053e-01
1.899999999999999953e-02 9.799999999999999822e-01 1.000000000000000021e-03
3.500000000000000333e-02 4.709999999999999742e-01 4.939999999999999947e-01
2.000000000000000042e-03 9.829999999999999849e-01 1.600000000000000033e-02
5.000000000000000104e-03 9.479999999999999538e-01 4.800000000000000100e-02
5.399999999999999939e-02 9.449999999999999512e-01 1.000000000000000021e-03
2.599999999999999881e-02 7.289999999999999813e-01 2.449999999999999956e-01
2.000000000000000042e-03 5.560000000000000497e-01 4.410000000000000031e-01
2.000000000000000042e-03 8.830000000000000071e-01 1.150000000000000050e-01
8.799999999999999489e-02 9.080000000000000293e-01 4.000000000000000083e-03
4.599999999999999922e-02 8.619999999999999885e-01 9.199999999999999845e-02
3.200000000000000067e-02 9.679999999999999716e-01 0.000000000000000000e+00
2.199999999999999872e-02 7.399999999999999911e-01 2.389999999999999902e-01
