1.000000000000000021e-02 7.650000000000000133e-01 2.240000000000000047e-01
2.000000000000000042e-03 8.980000000000000204e-01 1.000000000000000056e-01
2.199999999999999872e-02 8.629999999999999893e-01 1.140000000000000041e-01
6.000000000000000125e-03 7.429999999999999938e-01 2.510000000000000009e-01
1.899999999999999953e-02 9.330000000000000515e-01 4.800000000000000100e-02
3.200000000000000067e-02 6.340000000000000080e-01 3.350000000000000200e-01
5.700000000000000205e-02 7.540000000000000036e-01 1.890000000000000013e-01
3.000000000000000062e-03 6.780000000000000471e-01 3.200000000000000067e-01
3.000000000000000062e-03 5.959999999999999742e-01 4.010000000000000231e-01
3.400000000000000244e-02 5.759999999999999565e-01 3.900000000000000133e-01
7.099999999999999367e-02 5.819999999999999618e-01 3.469999999999999751e-01
8.000000000000000167e-03 5.180000000000000160e-01 4.739999999999999769e-01
4.000000000000000083e-03 9.949999999999999956e-01 1.000000000000000021e-03
9.600000000000000200e-02 6.370000000000000107e-01 2.670000000000000151e-01
2.199999999999999872e-02 5.150000000000000133e-01 4.630000000000000226e-01
