1.000000000000000021e-02 5.629999999999999449e-01 4.269999999999999907e-01
1.299999999999999940e-02 7.199999999999999734e-01 2.670000000000000151e-01
1.799999999999999864e-02 9.799999999999999822e-01 1.000000000000000021e-03
1.899999999999999953e-02 7.500000000000000000e-01 2.310000000000000109e-01
4.299999999999999656e-02 9.569999999999999618e-01 0.000000000000000000e+00
4.399999999999999745e-02 9.559999999999999609e-01 0.000000000000000000e+00
6.400000000000000133e-02 8.129999999999999449e-01 1.219999999999999973e-01
4.100000000000000172e-02 7.500000000000000000e-01 2.089999999999999913e-01
8.000000000000000167e-03 7.710000000000000187e-01 2.200000000000000011e-01
2.000000000000000042e-03 9.849999999999999867e-01 1.299999999999999940e-02
2.999999999999999889e-02 9.030000000000000249e-01 6.600000000000000311e-02
3.899999999999999994e-02 6.570000000000000284e-01 3.039999999999999925e-01
1.000000000000000021e-03 6.069999999999999840e-01 3.920000000000000151e-01
9.199999999999999845e-02 9.080000000000000293e-01 0.000000000000000000e+00
1.200000000000000025e-02 8.739999999999999991e-01 1.140000000000000041e-01
