1.000000000000000021e-03 8.559999999999999831e-01 1.429999999999999882e-01
7.599999999999999811e-02 8.689999999999999947e-01 5.399999999999999939e-02
1.799999999999999864e-02 8.419999999999999707e-01 1.400000000000000133e-01
1.799999999999999864e-02 9.120000000000000329e-01 7.000000000000000666e-02
5.399999999999999939e-02 7.139999999999999680e-01 2.320000000000000118e-01
4.299999999999999656e-02 6.929999999999999494e-01 2.640000000000000124e-01
3.099999999999999978e-02 8.369999999999999662e-01 1.330000000000000071e-01
7.599999999999999811e-02 7.880000000000000338e-01 1.370000000000000107e-01
9.500000000000000111e-02 5.530000000000000471e-01 3.519999999999999796e-01
1.000000000000000021e-02 5.470000000000000417e-01 4.430000000000000049e-01
8.000000000000000167e-03 6.260000000000000009e-01 3.659999999999999920e-01
6.199999999999999956e-02 9.340000000000000524e-01 3.000000000000000062e-03
1.200000000000000025e-02 5.749999999999999556e-01 4.139999999999999791e-01
8.000000000000000167e-03 7.189999999999999725e-01 2.730000000000000204e-01
3.899999999999999994e-02 9.270000000000000462e-01 3.400000000000000244e-02
