5.000000000000000104e-03 6.530000000000000249e-01 3.420000000000000262e-01
8.000000000000000167e-03 9.919999999999999929e-01 1.000000000000000021e-03
4.299999999999999656e-02 5.110000000000000098e-01 4.450000000000000067e-01
1.600000000000000033e-02 7.910000000000000364e-01 1.930000000000000049e-01
2.000000000000000042e-03 7.760000000000000231e-01 2.220000000000000029e-01
8.000000000000000167e-03 9.699999999999999734e-01 2.199999999999999872e-02
5.000000000000000104e-03 6.189999999999999947e-01 3.760000000000000009e-01
4.000000000000000083e-02 9.220000000000000417e-01 3.899999999999999994e-02
9.299999999999999933e-02 9.070000000000000284e-01 0.000000000000000000e+00
7.799999999999999989e-02 6.650000000000000355e-01 2.570000000000000062e-01
0.000000000000000000e+00 8.359999999999999654e-01 1.640000000000000069e-01
3.899999999999999994e-02 9.609999999999999654e-01 0.000000000000000000e+00
9.700000000000000289e-02 9.020000000000000240e-01 0.000000000000000000e+00
1.200000000000000025e-02 8.469999999999999751e-01 1.409999999999999865e-01
8.999999999999999667e-02 5.210000000000000187e-01 3.890000000000000124e-01
