5.000000000000000278e-02 9.499999999999999556e-01 0.000000000000000000e+00
5.099999999999999672e-02 9.120000000000000329e-01 3.699999999999999817e-02
5.000000000000000104e-03 8.940000000000000169e-01 1.010000000000000064e-01
4.100000000000000172e-02 9.050000000000000266e-01 5.500000000000000028e-02
8.000000000000000167e-03 8.489999999999999769e-01 1.439999999999999891e-01
3.000000000000000062e-03 9.150000000000000355e-01 8.200000000000000344e-02
2.000000000000000042e-03 9.839999999999999858e-01 1.400000000000000029e-02
2.800000000000000058e-02 4.069999999999999729e-01 5.649999999999999467e-01
2.100000000000000130e-02 9.080000000000000293e-01 7.099999999999999367e-02
4.800000000000000100e-02 9.499999999999999556e-01 2.000000000000000042e-03
8.599999999999999312e-02 9.100000000000000311e-01 4.000000000000000083e-03
1.600000000000000033e-02 8.409999999999999698e-01 1.429999999999999882e-01
3.000000000000000062e-03 9.250000000000000444e-01 7.199999999999999456e-02
5.000000000000000104e-03 8.469999999999999751e-01 1.469999999999999918e-01
1.600000000000000033e-02 8.459999999999999742e-01 1.380000000000000115e-01
