7.499999999999999722e-02 8.289999999999999591e-01 9.600000000000000200e-02
1.299999999999999940e-02 7.760000000000000231e-01 2.119999999999999940e-01
2.000000000000000042e-03 7.930000000000000382e-01 2.039999999999999869e-01
0.000000000000000000e+00 8.299999999999999600e-01 1.700000000000000122e-01
8.100000000000000255e-02 7.149999999999999689e-01 2.039999999999999869e-01
1.000000000000000021e-03 5.699999999999999512e-01 4.289999999999999925e-01
3.500000000000000333e-02 7.510000000000000009e-01 2.139999999999999958e-01
8.999999999999999320e-03 9.909999999999999920e-01 0.000000000000000000e+00
7.000000000000000146e-03 9.929999999999999938e-01 0.000000000000000000e+00
8.999999999999999320e-03 8.539999999999999813e-01 1.380000000000000115e-01
1.799999999999999864e-02 5.060000000000000053e-01 4.759999999999999787e-01
1.000000000000000021e-03 6.189999999999999947e-01 3.800000000000000044e-01
1.000000000000000021e-03 9.989999999999999991e-01 0.000000000000000000e+00
1.400000000000000029e-02 5.400000000000000355e-01 4.460000000000000075e-01
2.100000000000000130e-02 8.739999999999999991e-01 1.039999999999999952e-01
