5.000000000000000104e-03 7.069999999999999618e-01 2.879999999999999782e-01
8.000000000000000167e-03 9.449999999999999512e-01 4.800000000000000100e-02
3.400000000000000244e-02 6.280000000000000027e-01 3.380000000000000226e-01
4.000000000000000083e-03 6.260000000000000009e-01 3.689999999999999947e-01
8.500000000000000611e-02 4.709999999999999742e-01 4.440000000000000058e-01
9.299999999999999933e-02 9.070000000000000284e-01 1.000000000000000021e-03
9.099999999999999756e-02 7.169999999999999707e-01 1.910000000000000031e-01
5.199999999999999761e-02 6.730000000000000426e-01 2.750000000000000222e-01
0.000000000000000000e+00 7.580000000000000071e-01 2.419999999999999929e-01
2.000000000000000042e-03 9.100000000000000311e-01 8.799999999999999489e-02
8.899999999999999578e-02 7.770000000000000240e-01 1.340000000000000080e-01
1.000000000000000021e-02 9.050000000000000266e-01 8.500000000000000611e-02
2.000000000000000042e-02 5.370000000000000329e-01 4.440000000000000058e-01
1.000000000000000021e-03 7.610000000000000098e-01 2.369999999999999885e-01
5.000000000000000104e-03 5.460000000000000409e-01 4.490000000000000102e-01
