7.399999999999999634e-02 6.410000000000000142e-01 2.849999999999999756e-01
9.700000000000000289e-02 7.790000000000000258e-01 1.239999999999999991e-01
4.000000000000000083e-03 8.609999999999999876e-01 1.360000000000000098e-01
8.000000000000000167e-03 9.350000000000000533e-01 5.700000000000000205e-02
2.000000000000000042e-03 6.939999999999999503e-01 3.029999999999999916e-01
3.000000000000000062e-03 8.239999999999999547e-01 1.729999999999999871e-01
5.000000000000000104e-03 4.620000000000000218e-01 5.330000000000000293e-01
8.799999999999999489e-02 7.049999999999999600e-01 2.069999999999999896e-01
4.900000000000000189e-02 7.009999999999999565e-01 2.500000000000000000e-01
2.000000000000000042e-03 8.559999999999999831e-01 1.409999999999999865e-01
1.000000000000000021e-03 6.270000000000000018e-01 3.719999999999999973e-01
4.100000000000000172e-02 6.340000000000000080e-01 3.260000000000000120e-01
1.000000000000000021e-02 8.569999999999999840e-01 1.330000000000000071e-01
2.800000000000000058e-02 6.169999999999999929e-01 3.549999999999999822e-01
4.399999999999999745e-02 9.559999999999999609e-01 0.000000000000000000e+00
