7.000000000000000666e-02 7.790000000000000258e-01 1.509999999999999953e-01
6.000000000000000125e-03 9.829999999999999849e-01 1.099999999999999936e-02
3.899999999999999994e-02 9.389999999999999458e-01 2.199999999999999872e-02
3.000000000000000062e-03 6.979999999999999538e-01 2.989999999999999880e-01
8.000000000000000167e-03 6.280000000000000027e-01 3.639999999999999902e-01
8.000000000000000167e-03 6.500000000000000222e-01 3.420000000000000262e-01
4.900000000000000189e-02 9.499999999999999556e-01 0.000000000000000000e+00
5.600000000000000117e-02 9.439999999999999503e-01 0.000000000000000000e+00
1.000000000000000021e-03 9.989999999999999991e-01 0.000000000000000000e+00
7.799999999999999989e-02 9.220000000000000417e-01 0.000000000000000000e+00
5.000000000000000104e-03 9.419999999999999485e-01 5.199999999999999761e-02
5.700000000000000205e-02 6.109999999999999876e-01 3.320000000000000173e-01
7.599999999999999811e-02 9.240000000000000435e-01 0.000000000000000000e+00
8.999999999999999320e-03 9.899999999999999911e-01 0.000000000000000000e+00
1.700000000000000122e-02 8.229999999999999538e-01 1.600000000000000033e-01
