4.000000000000000083e-03 8.269999999999999574e-01 1.690000000000000113e-01
2.100000000000000130e-02 8.090000000000000524e-01 1.700000000000000122e-01
6.000000000000000125e-03 8.319999999999999618e-01 1.610000000000000042e-01
3.000000000000000062e-03 7.870000000000000329e-01 2.099999999999999922e-01
1.499999999999999944e-02 9.250000000000000444e-01 5.999999999999999778e-02
2.699999999999999969e-02 5.689999999999999503e-01 4.040000000000000258e-01
7.000000000000000146e-03 8.209999999999999520e-01 1.710000000000000131e-01
7.799999999999999989e-02 5.819999999999999618e-01 3.400000000000000244e-01
1.000000000000000021e-03 9.290000000000000480e-01 7.000000000000000666e-02
2.000000000000000042e-03 8.840000000000000080e-01 1.140000000000000041e-01
7.000000000000000146e-03 7.189999999999999725e-01 2.730000000000000204e-01
7.199999999999999456e-02 7.760000000000000231e-01 1.519999999999999962e-01
1.000000000000000021e-03 7.990000000000000435e-01 2.010000000000000120e-01
4.299999999999999656e-02 8.469999999999999751e-01 1.089999999999999997e-01
2.000000000000000042e-03 7.119999999999999662e-01 2.859999999999999765e-01
