5.800000000000000294e-02 7.690000000000000169e-01 1.729999999999999871e-01
8.799999999999999489e-02 8.930000000000000160e-01 1.899999999999999953e-02
9.500000000000000111e-02 6.440000000000000169e-01 2.610000000000000098e-01
1.000000000000000021e-02 6.810000000000000497e-01 3.089999999999999969e-01
6.400000000000000133e-02 9.360000000000000542e-01 0.000000000000000000e+00
7.000000000000000666e-02 8.010000000000000453e-01 1.290000000000000036e-01
1.000000000000000021e-03 9.989999999999999991e-01 0.000000000000000000e+00
5.000000000000000104e-03 9.909999999999999920e-01 5.000000000000000104e-03
4.299999999999999656e-02 8.359999999999999654e-01 1.209999999999999964e-01
3.000000000000000062e-03 9.210000000000000409e-01 7.599999999999999811e-02
2.900000000000000147e-02 9.150000000000000355e-01 5.600000000000000117e-02
2.000000000000000042e-03 6.969999999999999529e-01 2.999999999999999889e-01
4.599999999999999922e-02 5.749999999999999556e-01 3.790000000000000036e-01
3.500000000000000333e-02 5.390000000000000346e-01 4.259999999999999898e-01
1.899999999999999953e-02 6.550000000000000266e-01 3.270000000000000129e-01
