4.700000000000000011e-02 6.420000000000000151e-01 3.109999999999999987e-01
2.900000000000000147e-02 8.090000000000000524e-01 1.610000000000000042e-01
4.299999999999999656e-02 8.060000000000000497e-01 1.509999999999999953e-01
5.099999999999999672e-02 8.329999999999999627e-01 1.160000000000000059e-01
3.899999999999999994e-02 8.199999999999999512e-01 1.419999999999999873e-01
1.299999999999999940e-02 8.129999999999999449e-01 1.739999999999999880e-01
2.500000000000000139e-02 9.040000000000000258e-01 7.099999999999999367e-02
2.500000000000000139e-02 7.790000000000000258e-01 1.970000000000000084e-01
3.500000000000000333e-02 8.830000000000000071e-01 8.200000000000000344e-02
1.499999999999999944e-02 8.409999999999999698e-01 1.439999999999999891e-01
2.000000000000000042e-02 7.289999999999999813e-01 2.510000000000000009e-01
2.900000000000000147e-02 8.299999999999999600e-01 1.409999999999999865e-01
3.799999999999999906e-02 8.199999999999999512e-01 1.429999999999999882e-01
2.900000000000000147e-02 7.359999999999999876e-01 2.349999999999999867e-01
3.099999999999999978e-02 8.499999999999999778e-01 1.189999999999999947e-01
2.999999999999999889e-02 8.679999999999999938e-01 1.019999999999999934e-01
6.300000000000000044e-02 6.979999999999999538e-01 2.389999999999999902e-01
4.100000000000000172e-02 7.099999999999999645e-01 2.479999999999999982e-01
2.699999999999999969e-02 8.439999999999999725e-01 1.290000000000000036e-01
2.000000000000000042e-02 8.850000000000000089e-01 9.500000000000000111e-02
