4.900000000000000189e-02 4.109999999999999765e-01 5.400000000000000355e-01
5.500000000000000028e-02 4.089999999999999747e-01 5.360000000000000320e-01
3.000000000000000062e-03 8.619999999999999885e-01 1.340000000000000080e-01
4.599999999999999922e-02 5.699999999999999512e-01 3.840000000000000080e-01
3.699999999999999817e-02 8.239999999999999547e-01 1.390000000000000124e-01
2.100000000000000130e-02 9.569999999999999618e-01 2.199999999999999872e-02
3.099999999999999978e-02 9.679999999999999716e-01 1.000000000000000021e-03
8.100000000000000255e-02 9.190000000000000391e-01 1.000000000000000021e-03
3.799999999999999906e-02 7.500000000000000000e-01 2.129999999999999949e-01
2.000000000000000042e-03 9.969999999999999973e-01 0.000000000000000000e+00
2.000000000000000042e-03 8.950000000000000178e-01 1.019999999999999934e-01
2.000000000000000042e-03 5.420000000000000373e-01 4.550000000000000155e-01
2.000000000000000042e-03 8.529999999999999805e-01 1.449999999999999900e-01
1.799999999999999864e-02 9.819999999999999840e-01 0.000000000000000000e+00
3.000000000000000062e-03 6.380000000000000115e-01 3.599999999999999867e-01
