1.899999999999999953e-02 4.839999999999999858e-01 4.969999999999999973e-01
1.000000000000000021e-02 9.240000000000000435e-01 6.600000000000000311e-02
2.400000000000000050e-02 7.429999999999999938e-01 2.340000000000000135e-01
1.000000000000000021e-02 4.779999999999999805e-01 5.120000000000000107e-01
5.899999999999999689e-02 6.939999999999999503e-01 2.469999999999999973e-01
5.500000000000000028e-02 5.649999999999999467e-01 3.800000000000000044e-01
5.000000000000000104e-03 9.949999999999999956e-01 1.000000000000000021e-03
1.299999999999999940e-02 9.469999999999999529e-01 4.000000000000000083e-02
1.099999999999999936e-02 9.429999999999999494e-01 4.499999999999999833e-02
0.000000000000000000e+00 9.939999999999999947e-01 6.000000000000000125e-03
7.599999999999999811e-02 8.369999999999999662e-01 8.699999999999999400e-02
1.400000000000000029e-02 9.559999999999999609e-01 2.999999999999999889e-02
2.000000000000000042e-03 7.510000000000000009e-01 2.459999999999999964e-01
5.000000000000000104e-03 7.129999999999999671e-01 2.810000000000000275e-01
5.500000000000000028e-02 7.710000000000000187e-01 1.739999999999999880e-01
