1.899999999999999953e-02 9.799999999999999822e-01 2.000000000000000042e-03
8.400000000000000522e-02 8.679999999999999938e-01 4.800000000000000100e-02
5.899999999999999689e-02 7.910000000000000364e-01 1.499999999999999944e-01
5.099999999999999672e-02 9.020000000000000240e-01 4.700000000000000011e-02
4.900000000000000189e-02 8.549999999999999822e-01 9.600000000000000200e-02
4.900000000000000189e-02 8.289999999999999591e-01 1.219999999999999973e-01
7.799999999999999989e-02 6.340000000000000080e-01 2.879999999999999782e-01
2.900000000000000147e-02 6.949999999999999512e-01 2.760000000000000231e-01
6.400000000000000133e-02 7.920000000000000373e-01 1.439999999999999891e-01
4.499999999999999833e-02 9.160000000000000364e-01 4.000000000000000083e-02
5.000000000000000278e-02 8.010000000000000453e-01 1.489999999999999936e-01
5.600000000000000117e-02 6.889999999999999458e-01 2.550000000000000044e-01
2.900000000000000147e-02 8.750000000000000000e-01 9.600000000000000200e-02
2.900000000000000147e-02 4.959999999999999964e-01 4.739999999999999769e-01
6.199999999999999956e-02 8.060000000000000497e-01 1.320000000000000062e-01
