8.899999999999999578e-02 7.239999999999999769e-01 1.859999999999999987e-01
3.799999999999999906e-02 8.129999999999999449e-01 1.489999999999999936e-01
5.399999999999999939e-02 7.349999999999999867e-01 2.109999999999999931e-01
8.799999999999999489e-02 8.579999999999999849e-01 5.399999999999999939e-02
2.400000000000000050e-02 9.280000000000000471e-01 4.800000000000000100e-02
5.000000000000000104e-03 9.649999999999999689e-01 3.099999999999999978e-02
4.299999999999999656e-02 8.940000000000000169e-01 6.199999999999999956e-02
1.400000000000000029e-02 7.920000000000000373e-01 1.940000000000000058e-01
5.600000000000000117e-02 7.610000000000000098e-01 1.829999999999999960e-01
1.499999999999999944e-02 6.169999999999999929e-01 3.679999999999999938e-01
1.799999999999999864e-02 8.269999999999999574e-01 1.559999999999999998e-01
5.000000000000000104e-03 9.080000000000000293e-01 8.699999999999999400e-02
2.400000000000000050e-02 9.120000000000000329e-01 6.300000000000000044e-02
5.299999999999999850e-02 7.980000000000000426e-01 1.499999999999999944e-01
2.100000000000000130e-02 9.320000000000000506e-01 4.700000000000000011e-02
