1.000000000000000021e-03 7.059999999999999609e-01 2.939999999999999836e-01
2.100000000000000130e-02 7.439999999999999947e-01 2.349999999999999867e-01
2.299999999999999961e-02 8.629999999999999893e-01 1.140000000000000041e-01
5.500000000000000028e-02 8.209999999999999520e-01 1.239999999999999991e-01
8.000000000000000167e-03 9.170000000000000373e-01 7.499999999999999722e-02
1.099999999999999936e-02 9.559999999999999609e-01 3.300000000000000155e-02
0.000000000000000000e+00 8.729999999999999982e-01 1.270000000000000018e-01
6.500000000000000222e-02 6.999999999999999556e-01 2.349999999999999867e-01
3.699999999999999817e-02 8.629999999999999893e-01 1.000000000000000056e-01
5.000000000000000104e-03 9.509999999999999565e-01 4.399999999999999745e-02
2.999999999999999889e-02 9.579999999999999627e-01 1.099999999999999936e-02
1.000000000000000021e-03 8.309999999999999609e-01 1.680000000000000104e-01
8.999999999999999320e-03 9.619999999999999662e-01 2.900000000000000147e-02
1.200000000000000025e-02 7.850000000000000311e-01 2.030000000000000138e-01
0.000000000000000000e+00 8.870000000000000107e-01 1.130000000000000032e-01
