1.000000000000000021e-02 9.270000000000000462e-01 6.300000000000000044e-02
1.000000000000000021e-03 9.569999999999999618e-01 4.200000000000000261e-02
8.500000000000000611e-02 8.399999999999999689e-01 7.499999999999999722e-02
4.000000000000000083e-03 8.349999999999999645e-01 1.610000000000000042e-01
1.000000000000000021e-03 9.949999999999999956e-01 4.000000000000000083e-03
8.799999999999999489e-02 9.120000000000000329e-01 0.000000000000000000e+00
4.200000000000000261e-02 6.250000000000000000e-01 3.330000000000000182e-01
6.099999999999999867e-02 8.409999999999999698e-01 9.700000000000000289e-02
1.299999999999999940e-02 9.090000000000000302e-01 7.900000000000000078e-02
5.600000000000000117e-02 8.479999999999999760e-01 9.600000000000000200e-02
7.699999999999999900e-02 8.090000000000000524e-01 1.140000000000000041e-01
2.599999999999999881e-02 8.750000000000000000e-01 9.900000000000000466e-02
3.000000000000000062e-03 6.159999999999999920e-01 3.810000000000000053e-01
0.000000000000000000e+00 9.739999999999999769e-01 2.599999999999999881e-02
1.799999999999999864e-02 9.819999999999999840e-01 0.000000000000000000e+00
