2.000000000000000042e-02 9.789999999999999813e-01 1.000000000000000021e-03
6.700000000000000400e-02 8.900000000000000133e-01 4.299999999999999656e-02
9.199999999999999845e-02 8.199999999999999512e-01 8.799999999999999489e-02
3.500000000000000333e-02 7.850000000000000311e-01 1.799999999999999933e-01
7.000000000000000146e-03 6.760000000000000453e-01 3.170000000000000040e-01
8.999999999999999320e-03 8.770000000000000018e-01 1.150000000000000050e-01
6.300000000000000044e-02 8.669999999999999929e-01 7.000000000000000666e-02
8.000000000000000167e-02 9.200000000000000400e-01 0.000000000000000000e+00
3.899999999999999994e-02 7.329999999999999849e-01 2.270000000000000073e-01
9.500000000000000111e-02 8.529999999999999805e-01 5.199999999999999761e-02
1.000000000000000021e-03 9.989999999999999991e-01 0.000000000000000000e+00
3.000000000000000062e-03 9.769999999999999796e-01 2.000000000000000042e-02
5.000000000000000278e-02 7.830000000000000293e-01 1.670000000000000095e-01
2.400000000000000050e-02 9.559999999999999609e-01 2.000000000000000042e-02
4.700000000000000011e-02 7.610000000000000098e-01 1.920000000000000040e-01
