8.100000000000000255e-02 9.130000000000000338e-01 6.000000000000000125e-03
1.099999999999999936e-02 8.790000000000000036e-01 1.100000000000000006e-01
8.500000000000000611e-02 6.929999999999999494e-01 2.220000000000000029e-01
7.599999999999999811e-02 7.199999999999999734e-01 2.039999999999999869e-01
1.299999999999999940e-02 6.159999999999999920e-01 3.699999999999999956e-01
8.999999999999999320e-03 6.380000000000000115e-01 3.529999999999999805e-01
9.900000000000000466e-02 6.540000000000000258e-01 2.469999999999999973e-01
3.000000000000000062e-03 9.050000000000000266e-01 9.199999999999999845e-02
3.000000000000000062e-03 9.429999999999999494e-01 5.399999999999999939e-02
3.099999999999999978e-02 4.460000000000000075e-01 5.240000000000000213e-01
5.000000000000000104e-03 7.389999999999999902e-01 2.560000000000000053e-01
6.400000000000000133e-02 5.809999999999999609e-01 3.549999999999999822e-01
1.400000000000000029e-02 9.070000000000000284e-01 7.900000000000000078e-02
6.400000000000000133e-02 9.040000000000000258e-01 3.200000000000000067e-02
6.099999999999999867e-02 6.700000000000000400e-01 2.690000000000000169e-01
