9.800000000000000377e-02 7.920000000000000373e-01 1.100000000000000006e-01
6.900000000000000577e-02 7.049999999999999600e-01 2.260000000000000064e-01
1.299999999999999940e-02 5.570000000000000506e-01 4.299999999999999933e-01
3.000000000000000062e-03 6.640000000000000346e-01 3.330000000000000182e-01
1.799999999999999864e-02 7.800000000000000266e-01 2.020000000000000129e-01
8.100000000000000255e-02 9.050000000000000266e-01 1.400000000000000029e-02
1.899999999999999953e-02 8.659999999999999920e-01 1.150000000000000050e-01
2.000000000000000042e-03 6.720000000000000417e-01 3.260000000000000120e-01
7.299999999999999545e-02 8.080000000000000515e-01 1.189999999999999947e-01
2.199999999999999872e-02 7.399999999999999911e-01 2.389999999999999902e-01
4.000000000000000083e-03 9.959999999999999964e-01 0.000000000000000000e+00
1.000000000000000021e-02 9.859999999999999876e-01 5.000000000000000104e-03
7.399999999999999634e-02 6.430000000000000160e-01 2.839999999999999747e-01
4.000000000000000083e-03 6.770000000000000462e-01 3.190000000000000058e-01
5.399999999999999939e-02 7.349999999999999867e-01 2.119999999999999940e-01
