2.000000000000000042e-02 9.360000000000000542e-01 4.399999999999999745e-02
7.000000000000000146e-03 7.810000000000000275e-01 2.119999999999999940e-01
5.000000000000000104e-03 4.699999999999999734e-01 5.240000000000000213e-01
2.400000000000000050e-02 9.759999999999999787e-01 0.000000000000000000e+00
4.399999999999999745e-02 7.449999999999999956e-01 2.109999999999999931e-01
4.800000000000000100e-02 6.290000000000000036e-01 3.230000000000000093e-01
8.999999999999999320e-03 9.909999999999999920e-01 0.000000000000000000e+00
1.400000000000000029e-02 9.499999999999999556e-01 3.699999999999999817e-02
2.400000000000000050e-02 9.759999999999999787e-01 0.000000000000000000e+00
1.799999999999999864e-02 9.539999999999999591e-01 2.699999999999999969e-02
1.000000000000000021e-02 8.649999999999999911e-01 1.250000000000000000e-01
5.000000000000000104e-03 5.130000000000000115e-01 4.819999999999999840e-01
7.099999999999999367e-02 7.660000000000000142e-01 1.640000000000000069e-01
3.300000000000000155e-02 5.859999999999999654e-01 3.810000000000000053e-01
3.099999999999999978e-02 9.689999999999999725e-01 0.000000000000000000e+00
