7.000000000000000146e-03 9.779999999999999805e-01 1.499999999999999944e-02
1.000000000000000021e-02 7.890000000000000346e-01 2.010000000000000120e-01
7.000000000000000666e-02 6.790000000000000480e-01 2.510000000000000009e-01
8.999999999999999667e-02 9.030000000000000249e-01 7.000000000000000146e-03
9.199999999999999845e-02 3.250000000000000111e-01 5.829999999999999627e-01
8.500000000000000611e-02 6.800000000000000488e-01 2.340000000000000135e-01
7.000000000000000146e-03 3.840000000000000080e-01 6.089999999999999858e-01
3.000000000000000062e-03 6.069999999999999840e-01 3.900000000000000133e-01
4.299999999999999656e-02 9.290000000000000480e-01 2.800000000000000058e-02
8.799999999999999489e-02 8.349999999999999645e-01 7.799999999999999989e-02
1.000000000000000021e-02 9.869999999999999885e-01 3.000000000000000062e-03
2.500000000000000139e-02 8.399999999999999689e-01 1.350000000000000089e-01
4.599999999999999922e-02 8.549999999999999822e-01 9.800000000000000377e-02
8.100000000000000255e-02 6.380000000000000115e-01 2.810000000000000275e-01
0.000000000000000000e+00 9.579999999999999627e-01 4.100000000000000172e-02
