5.000000000000000104e-03 9.949999999999999956e-01 0.000000000000000000e+00
1.499999999999999944e-02 8.339999999999999636e-01 1.509999999999999953e-01
8.500000000000000611e-02 9.030000000000000249e-01 1.200000000000000025e-02
4.700000000000000011e-02 8.120000000000000551e-01 1.409999999999999865e-01
1.600000000000000033e-02 8.339999999999999636e-01 1.499999999999999944e-01
3.000000000000000062e-03 9.969999999999999973e-01 0.000000000000000000e+00
8.999999999999999320e-03 9.899999999999999911e-01 0.000000000000000000e+00
9.700000000000000289e-02 9.020000000000000240e-01 2.000000000000000042e-03
1.499999999999999944e-02 9.849999999999999867e-01 0.000000000000000000e+00
1.200000000000000025e-02 9.040000000000000258e-01 8.500000000000000611e-02
5.899999999999999689e-02 9.409999999999999476e-01 0.000000000000000000e+00
2.900000000000000147e-02 9.709999999999999742e-01 0.000000000000000000e+00
3.699999999999999817e-02 9.629999999999999671e-01 0.000000000000000000e+00
5.800000000000000294e-02 9.419999999999999485e-01 0.000000000000000000e+00
1.899999999999999953e-02 9.809999999999999831e-01 0.000000000000000000e+00
