8.100000000000000255e-02 5.160000000000000142e-01 4.030000000000000249e-01
2.000000000000000042e-03 9.180000000000000382e-01 7.900000000000000078e-02
1.600000000000000033e-02 8.329999999999999627e-01 1.509999999999999953e-01
1.000000000000000021e-03 7.459999999999999964e-01 2.530000000000000027e-01
8.000000000000000167e-03 9.310000000000000497e-01 6.099999999999999867e-02
4.900000000000000189e-02 7.479999999999999982e-01 2.030000000000000138e-01
8.200000000000000344e-02 5.270000000000000240e-01 3.900000000000000133e-01
1.099999999999999936e-02 7.149999999999999689e-01 2.740000000000000213e-01
8.999999999999999667e-02 6.250000000000000000e-01 2.849999999999999756e-01
7.900000000000000078e-02 5.450000000000000400e-01 3.760000000000000009e-01
7.399999999999999634e-02 7.590000000000000080e-01 1.670000000000000095e-01
5.000000000000000104e-03 7.019999999999999574e-01 2.929999999999999827e-01
5.899999999999999689e-02 5.280000000000000249e-01 4.119999999999999774e-01
3.200000000000000067e-02 6.700000000000000400e-01 2.979999999999999871e-01
2.500000000000000139e-02 5.180000000000000160e-01 4.570000000000000173e-01
