2.000000000000000042e-03 8.579999999999999849e-01 1.390000000000000124e-01
2.900000000000000147e-02 9.709999999999999742e-01 0.000000000000000000e+00
7.000000000000000146e-03 9.529999999999999583e-01 4.000000000000000083e-02
6.400000000000000133e-02 9.350000000000000533e-01 1.000000000000000021e-03
2.000000000000000042e-03 9.879999999999999893e-01 1.000000000000000021e-02
3.000000000000000062e-03 9.539999999999999591e-01 4.399999999999999745e-02
7.000000000000000146e-03 7.540000000000000036e-01 2.379999999999999893e-01
7.599999999999999811e-02 8.399999999999999689e-01 8.400000000000000522e-02
7.199999999999999456e-02 9.280000000000000471e-01 0.000000000000000000e+00
6.300000000000000044e-02 8.880000000000000115e-01 4.900000000000000189e-02
8.000000000000000167e-03 7.890000000000000346e-01 2.039999999999999869e-01
7.299999999999999545e-02 9.270000000000000462e-01 0.000000000000000000e+00
2.199999999999999872e-02 9.230000000000000426e-01 5.600000000000000117e-02
9.199999999999999845e-02 8.699999999999999956e-01 3.799999999999999906e-02
6.099999999999999867e-02 9.340000000000000524e-01 5.000000000000000104e-03
