5.999999999999999778e-02 7.820000000000000284e-01 1.580000000000000016e-01
5.000000000000000104e-03 9.120000000000000329e-01 8.300000000000000433e-02
2.000000000000000042e-03 9.869999999999999885e-01 1.099999999999999936e-02
9.500000000000000111e-02 8.100000000000000533e-01 9.400000000000000022e-02
2.199999999999999872e-02 8.880000000000000115e-01 8.999999999999999667e-02
8.300000000000000433e-02 8.569999999999999840e-01 6.099999999999999867e-02
1.000000000000000021e-03 8.309999999999999609e-01 1.680000000000000104e-01
2.100000000000000130e-02 8.770000000000000018e-01 1.019999999999999934e-01
3.000000000000000062e-03 9.589999999999999636e-01 3.799999999999999906e-02
6.000000000000000125e-03 9.350000000000000533e-01 5.899999999999999689e-02
2.000000000000000042e-03 9.979999999999999982e-01 0.000000000000000000e+00
9.500000000000000111e-02 8.489999999999999769e-01 5.500000000000000028e-02
4.900000000000000189e-02 8.870000000000000107e-01 6.300000000000000044e-02
5.700000000000000205e-02 8.699999999999999956e-01 7.299999999999999545e-02
2.800000000000000058e-02 8.689999999999999947e-01 1.029999999999999943e-01
