9.099999999999999756e-02 7.039999999999999591e-01 2.049999999999999878e-01
8.000000000000000167e-03 6.999999999999999556e-01 2.919999999999999818e-01
1.000000000000000021e-03 5.520000000000000462e-01 4.470000000000000084e-01
6.199999999999999956e-02 9.140000000000000346e-01 2.400000000000000050e-02
8.000000000000000167e-03 8.679999999999999938e-01 1.229999999999999982e-01
5.399999999999999939e-02 9.020000000000000240e-01 4.399999999999999745e-02
1.600000000000000033e-02 8.299999999999999600e-01 1.539999999999999980e-01
4.000000000000000083e-03 6.209999999999999964e-01 3.739999999999999991e-01
7.199999999999999456e-02 5.590000000000000524e-01 3.689999999999999947e-01
8.000000000000000167e-03 9.849999999999999867e-01 7.000000000000000146e-03
8.699999999999999400e-02 5.879999999999999671e-01 3.250000000000000111e-01
3.000000000000000062e-03 6.949999999999999512e-01 3.019999999999999907e-01
2.299999999999999961e-02 6.550000000000000266e-01 3.220000000000000084e-01
3.300000000000000155e-02 7.950000000000000400e-01 1.719999999999999862e-01
8.999999999999999320e-03 9.509999999999999565e-01 3.899999999999999994e-02
