4.700000000000000011e-02 6.850000000000000533e-01 2.680000000000000160e-01
8.000000000000000167e-03 8.120000000000000551e-01 1.799999999999999933e-01
1.400000000000000029e-02 7.940000000000000391e-01 1.930000000000000049e-01
2.800000000000000058e-02 9.719999999999999751e-01 0.000000000000000000e+00
9.600000000000000200e-02 7.850000000000000311e-01 1.189999999999999947e-01
1.899999999999999953e-02 9.030000000000000249e-01 7.799999999999999989e-02
1.799999999999999864e-02 9.310000000000000497e-01 5.199999999999999761e-02
8.100000000000000255e-02 8.159999999999999476e-01 1.029999999999999943e-01
3.799999999999999906e-02 7.670000000000000151e-01 1.950000000000000067e-01
2.199999999999999872e-02 9.399999999999999467e-01 3.799999999999999906e-02
0.000000000000000000e+00 6.780000000000000471e-01 3.220000000000000084e-01
4.000000000000000083e-03 6.229999999999999982e-01 3.739999999999999991e-01
1.700000000000000122e-02 9.819999999999999840e-01 0.000000000000000000e+00
5.899999999999999689e-02 7.049999999999999600e-01 2.359999999999999876e-01
2.999999999999999889e-02 8.449999999999999734e-01 1.250000000000000000e-01
