6.000000000000000125e-03 7.900000000000000355e-01 2.039999999999999869e-01
2.999999999999999889e-02 8.729999999999999982e-01 9.600000000000000200e-02
1.799999999999999864e-02 6.510000000000000231e-01 3.310000000000000164e-01
6.500000000000000222e-02 8.359999999999999654e-01 9.900000000000000466e-02
5.000000000000000104e-03 8.110000000000000542e-01 1.839999999999999969e-01
5.000000000000000278e-02 5.000000000000000000e-01 4.500000000000000111e-01
4.000000000000000083e-03 7.560000000000000053e-01 2.399999999999999911e-01
6.500000000000000222e-02 7.039999999999999591e-01 2.310000000000000109e-01
2.699999999999999969e-02 8.840000000000000080e-01 8.899999999999999578e-02
5.000000000000000104e-03 9.389999999999999458e-01 5.600000000000000117e-02
4.100000000000000172e-02 7.970000000000000417e-01 1.620000000000000051e-01
3.000000000000000062e-03 6.999999999999999556e-01 2.969999999999999862e-01
3.599999999999999728e-02 7.039999999999999591e-01 2.600000000000000089e-01
2.699999999999999969e-02 9.330000000000000515e-01 3.899999999999999994e-02
1.099999999999999936e-02 9.220000000000000417e-01 6.700000000000000400e-02
