1.600000000000000033e-02 7.930000000000000382e-01 1.910000000000000031e-01
3.699999999999999817e-02 7.489999999999999991e-01 2.139999999999999958e-01
2.800000000000000058e-02 8.649999999999999911e-01 1.069999999999999979e-01
5.000000000000000278e-02 7.920000000000000373e-01 1.570000000000000007e-01
3.300000000000000155e-02 7.319999999999999840e-01 2.349999999999999867e-01
3.400000000000000244e-02 7.600000000000000089e-01 2.049999999999999878e-01
3.400000000000000244e-02 8.299999999999999600e-01 1.360000000000000098e-01
1.299999999999999940e-02 7.780000000000000249e-01 2.079999999999999905e-01
2.500000000000000139e-02 7.299999999999999822e-01 2.449999999999999956e-01
4.000000000000000083e-02 7.550000000000000044e-01 2.049999999999999878e-01
1.899999999999999953e-02 7.479999999999999982e-01 2.330000000000000127e-01
5.299999999999999850e-02 6.580000000000000293e-01 2.879999999999999782e-01
3.099999999999999978e-02 6.510000000000000231e-01 3.190000000000000058e-01
2.299999999999999961e-02 8.209999999999999520e-01 1.559999999999999998e-01
3.400000000000000244e-02 8.359999999999999654e-01 1.300000000000000044e-01
3.300000000000000155e-02 7.590000000000000080e-01 2.079999999999999905e-01
4.800000000000000100e-02 8.790000000000000036e-01 7.299999999999999545e-02
2.199999999999999872e-02 8.760000000000000009e-01 1.019999999999999934e-01
5.000000000000000278e-02 8.309999999999999609e-01 1.189999999999999947e-01
1.499999999999999944e-02 6.770000000000000462e-01 3.079999999999999960e-01
