9.099999999999999756e-02 7.279999999999999805e-01 1.809999999999999942e-01
4.900000000000000189e-02 7.650000000000000133e-01 1.859999999999999987e-01
3.000000000000000062e-03 9.290000000000000480e-01 6.800000000000000488e-02
8.100000000000000255e-02 7.500000000000000000e-01 1.690000000000000113e-01
6.099999999999999867e-02 7.419999999999999929e-01 1.970000000000000084e-01
4.100000000000000172e-02 8.820000000000000062e-01 7.699999999999999900e-02
4.000000000000000083e-03 9.949999999999999956e-01 0.000000000000000000e+00
2.199999999999999872e-02 5.220000000000000195e-01 4.560000000000000164e-01
4.299999999999999656e-02 9.569999999999999618e-01 0.000000000000000000e+00
2.500000000000000139e-02 9.220000000000000417e-01 5.399999999999999939e-02
1.000000000000000021e-02 9.659999999999999698e-01 2.500000000000000139e-02
9.400000000000000022e-02 7.850000000000000311e-01 1.199999999999999956e-01
6.199999999999999956e-02 7.550000000000000044e-01 1.829999999999999960e-01
8.599999999999999312e-02 7.329999999999999849e-01 1.819999999999999951e-01
1.099999999999999936e-02 7.620000000000000107e-01 2.270000000000000073e-01
