7.399999999999999634e-02 8.289999999999999591e-01 9.700000000000000289e-02
2.199999999999999872e-02 8.960000000000000187e-01 8.200000000000000344e-02
2.000000000000000042e-03 7.650000000000000133e-01 2.330000000000000127e-01
2.199999999999999872e-02 8.289999999999999591e-01 1.499999999999999944e-01
8.400000000000000522e-02 7.700000000000000178e-01 1.459999999999999909e-01
3.599999999999999728e-02 8.930000000000000160e-01 7.099999999999999367e-02
4.399999999999999745e-02 8.449999999999999734e-01 1.110000000000000014e-01
3.000000000000000062e-03 9.120000000000000329e-01 8.400000000000000522e-02
6.500000000000000222e-02 8.090000000000000524e-01 1.250000000000000000e-01
8.999999999999999320e-03 8.609999999999999876e-01 1.300000000000000044e-01
6.000000000000000125e-03 9.200000000000000400e-01 7.399999999999999634e-02
5.099999999999999672e-02 7.129999999999999671e-01 2.359999999999999876e-01
6.500000000000000222e-02 8.689999999999999947e-01 6.600000000000000311e-02
7.099999999999999367e-02 5.290000000000000258e-01 4.000000000000000222e-01
1.600000000000000033e-02 5.869999999999999662e-01 3.970000000000000195e-01
