3.799999999999999906e-02 6.939999999999999503e-01 2.680000000000000160e-01
1.600000000000000033e-02 9.839999999999999858e-01 0.000000000000000000e+00
2.100000000000000130e-02 7.409999999999999920e-01 2.379999999999999893e-01
1.000000000000000021e-03 5.360000000000000320e-01 4.630000000000000226e-01
4.000000000000000083e-03 6.049999999999999822e-01 3.910000000000000142e-01
9.199999999999999845e-02 6.400000000000000133e-01 2.680000000000000160e-01
5.399999999999999939e-02 9.220000000000000417e-01 2.400000000000000050e-02
4.599999999999999922e-02 8.120000000000000551e-01 1.419999999999999873e-01
1.000000000000000021e-03 9.959999999999999964e-01 4.000000000000000083e-03
1.799999999999999864e-02 7.890000000000000346e-01 1.930000000000000049e-01
3.000000000000000062e-03 9.969999999999999973e-01 0.000000000000000000e+00
8.599999999999999312e-02 9.140000000000000346e-01 0.000000000000000000e+00
9.800000000000000377e-02 8.080000000000000515e-01 9.400000000000000022e-02
9.099999999999999756e-02 9.060000000000000275e-01 4.000000000000000083e-03
7.299999999999999545e-02 8.930000000000000160e-01 3.500000000000000333e-02
