1.000000000000000021e-03 9.160000000000000364e-01 8.300000000000000433e-02
2.000000000000000042e-03 8.349999999999999645e-01 1.630000000000000060e-01
3.200000000000000067e-02 8.790000000000000036e-01 8.899999999999999578e-02
7.000000000000000666e-02 8.239999999999999547e-01 1.059999999999999970e-01
9.299999999999999933e-02 7.760000000000000231e-01 1.310000000000000053e-01
3.400000000000000244e-02 6.490000000000000213e-01 3.170000000000000040e-01
2.000000000000000042e-03 7.890000000000000346e-01 2.079999999999999905e-01
6.000000000000000125e-03 5.510000000000000453e-01 4.430000000000000049e-01
8.000000000000000167e-03 7.109999999999999654e-01 2.810000000000000275e-01
2.000000000000000042e-03 7.870000000000000329e-01 2.099999999999999922e-01
1.299999999999999940e-02 6.300000000000000044e-01 3.569999999999999840e-01
9.400000000000000022e-02 7.169999999999999707e-01 1.890000000000000013e-01
3.400000000000000244e-02 9.090000000000000302e-01 5.600000000000000117e-02
2.900000000000000147e-02 8.589999999999999858e-01 1.120000000000000023e-01
1.000000000000000021e-02 7.349999999999999867e-01 2.550000000000000044e-01
