5.600000000000000117e-02 7.900000000000000355e-01 1.539999999999999980e-01
7.000000000000000666e-02 5.739999999999999547e-01 3.559999999999999831e-01
2.000000000000000042e-03 6.460000000000000187e-01 3.519999999999999796e-01
2.000000000000000042e-03 5.580000000000000515e-01 4.390000000000000013e-01
5.000000000000000278e-02 8.050000000000000488e-01 1.449999999999999900e-01
8.300000000000000433e-02 5.310000000000000275e-01 3.860000000000000098e-01
6.900000000000000577e-02 9.310000000000000497e-01 0.000000000000000000e+00
4.299999999999999656e-02 6.490000000000000213e-01 3.079999999999999960e-01
2.100000000000000130e-02 9.789999999999999813e-01 0.000000000000000000e+00
5.899999999999999689e-02 7.860000000000000320e-01 1.549999999999999989e-01
6.300000000000000044e-02 9.110000000000000320e-01 2.599999999999999881e-02
0.000000000000000000e+00 9.010000000000000231e-01 9.900000000000000466e-02
3.799999999999999906e-02 7.279999999999999805e-01 2.349999999999999867e-01
5.000000000000000104e-03 7.139999999999999680e-01 2.800000000000000266e-01
2.199999999999999872e-02 6.290000000000000036e-01 3.489999999999999769e-01
