5.000000000000000104e-03 7.199999999999999734e-01 2.760000000000000231e-01
7.299999999999999545e-02 4.410000000000000031e-01 4.859999999999999876e-01
1.200000000000000025e-02 9.829999999999999849e-01 5.000000000000000104e-03
1.099999999999999936e-02 9.889999999999999902e-01 0.000000000000000000e+00
3.699999999999999817e-02 8.000000000000000444e-01 1.620000000000000051e-01
2.000000000000000042e-02 9.799999999999999822e-01 0.000000000000000000e+00
6.099999999999999867e-02 7.479999999999999982e-01 1.920000000000000040e-01
6.099999999999999867e-02 5.590000000000000524e-01 3.800000000000000044e-01
9.800000000000000377e-02 9.000000000000000222e-01 2.000000000000000042e-03
1.400000000000000029e-02 6.989999999999999547e-01 2.869999999999999774e-01
2.500000000000000139e-02 6.949999999999999512e-01 2.790000000000000258e-01
8.400000000000000522e-02 8.940000000000000169e-01 2.199999999999999872e-02
5.199999999999999761e-02 9.340000000000000524e-01 1.400000000000000029e-02
5.700000000000000205e-02 7.389999999999999902e-01 2.039999999999999869e-01
1.299999999999999940e-02 6.750000000000000444e-01 3.119999999999999996e-01
