1.499999999999999944e-02 9.200000000000000400e-01 6.500000000000000222e-02
1.099999999999999936e-02 6.340000000000000080e-01 3.549999999999999822e-01
4.900000000000000189e-02 5.310000000000000275e-01 4.199999999999999845e-01
9.900000000000000466e-02 8.379999999999999671e-01 6.300000000000000044e-02
7.000000000000000146e-03 9.929999999999999938e-01 0.000000000000000000e+00
8.300000000000000433e-02 9.090000000000000302e-01 7.000000000000000146e-03
2.699999999999999969e-02 6.460000000000000187e-01 3.270000000000000129e-01
5.199999999999999761e-02 9.479999999999999538e-01 0.000000000000000000e+00
5.000000000000000104e-03 7.119999999999999662e-01 2.829999999999999738e-01
1.499999999999999944e-02 9.849999999999999867e-01 0.000000000000000000e+00
8.999999999999999320e-03 6.109999999999999876e-01 3.810000000000000053e-01
3.699999999999999817e-02 8.060000000000000497e-01 1.570000000000000007e-01
6.000000000000000125e-03 7.449999999999999956e-01 2.489999999999999991e-01
1.000000000000000021e-03 9.509999999999999565e-01 4.800000000000000100e-02
1.200000000000000025e-02 9.619999999999999662e-01 2.599999999999999881e-02
