0.000000000000000000e+00 9.879999999999999893e-01 1.200000000000000025e-02
2.000000000000000042e-03 7.570000000000000062e-01 2.409999999999999920e-01
3.300000000000000155e-02 9.190000000000000391e-01 4.800000000000000100e-02
6.099999999999999867e-02 9.389999999999999458e-01 0.000000000000000000e+00
1.499999999999999944e-02 9.849999999999999867e-01 0.000000000000000000e+00
1.099999999999999936e-02 9.889999999999999902e-01 0.000000000000000000e+00
3.300000000000000155e-02 8.980000000000000204e-01 6.900000000000000577e-02
6.500000000000000222e-02 9.350000000000000533e-01 0.000000000000000000e+00
1.000000000000000021e-03 9.979999999999999982e-01 1.000000000000000021e-03
5.199999999999999761e-02 9.469999999999999529e-01 1.000000000000000021e-03
4.000000000000000083e-03 9.230000000000000426e-01 7.399999999999999634e-02
5.899999999999999689e-02 8.110000000000000542e-01 1.300000000000000044e-01
9.299999999999999933e-02 6.420000000000000151e-01 2.660000000000000142e-01
5.000000000000000104e-03 8.439999999999999725e-01 1.499999999999999944e-01
8.400000000000000522e-02 9.160000000000000364e-01 0.000000000000000000e+00
