3.799999999999999906e-02 4.889999999999999902e-01 4.729999999999999760e-01
1.600000000000000033e-02 9.829999999999999849e-01 1.000000000000000021e-03
9.199999999999999845e-02 7.640000000000000124e-01 1.449999999999999900e-01
8.000000000000000167e-03 8.689999999999999947e-01 1.229999999999999982e-01
2.199999999999999872e-02 9.310000000000000497e-01 4.599999999999999922e-02
5.000000000000000104e-03 9.939999999999999947e-01 0.000000000000000000e+00
6.400000000000000133e-02 7.349999999999999867e-01 2.010000000000000120e-01
0.000000000000000000e+00 9.989999999999999991e-01 0.000000000000000000e+00
6.000000000000000125e-03 6.790000000000000480e-01 3.150000000000000022e-01
5.000000000000000104e-03 6.089999999999999858e-01 3.860000000000000098e-01
3.000000000000000062e-03 8.249999999999999556e-01 1.719999999999999862e-01
4.000000000000000083e-03 9.959999999999999964e-01 0.000000000000000000e+00
8.200000000000000344e-02 7.119999999999999662e-01 2.069999999999999896e-01
2.599999999999999881e-02 9.050000000000000266e-01 6.900000000000000577e-02
4.299999999999999656e-02 5.979999999999999760e-01 3.579999999999999849e-01
