3.500000000000000333e-02 7.399999999999999911e-01 2.250000000000000056e-01
2.299999999999999961e-02 8.040000000000000480e-01 1.729999999999999871e-01
8.500000000000000611e-02 9.050000000000000266e-01 1.000000000000000021e-02
1.000000000000000021e-03 9.389999999999999458e-01 6.099999999999999867e-02
2.000000000000000042e-03 8.429999999999999716e-01 1.539999999999999980e-01
2.100000000000000130e-02 7.540000000000000036e-01 2.250000000000000056e-01
1.799999999999999864e-02 8.030000000000000471e-01 1.789999999999999925e-01
4.399999999999999745e-02 8.389999999999999680e-01 1.160000000000000059e-01
1.299999999999999940e-02 8.339999999999999636e-01 1.529999999999999971e-01
2.199999999999999872e-02 8.499999999999999778e-01 1.290000000000000036e-01
4.700000000000000011e-02 7.880000000000000338e-01 1.640000000000000069e-01
0.000000000000000000e+00 9.000000000000000222e-01 1.000000000000000056e-01
2.199999999999999872e-02 5.460000000000000409e-01 4.319999999999999951e-01
2.000000000000000042e-03 9.909999999999999920e-01 7.000000000000000146e-03
1.899999999999999953e-02 5.809999999999999609e-01 4.010000000000000231e-01
