2.000000000000000042e-03 5.799999999999999600e-01 4.189999999999999836e-01
1.400000000000000029e-02 8.970000000000000195e-01 8.899999999999999578e-02
1.000000000000000021e-03 5.110000000000000098e-01 4.879999999999999893e-01
2.000000000000000042e-03 7.319999999999999840e-01 2.660000000000000142e-01
4.399999999999999745e-02 5.669999999999999485e-01 3.890000000000000124e-01
1.099999999999999936e-02 9.230000000000000426e-01 6.600000000000000311e-02
1.400000000000000029e-02 7.069999999999999618e-01 2.780000000000000249e-01
0.000000000000000000e+00 9.210000000000000409e-01 7.900000000000000078e-02
7.000000000000000146e-03 6.630000000000000338e-01 3.310000000000000164e-01
4.299999999999999656e-02 5.200000000000000178e-01 4.380000000000000004e-01
9.400000000000000022e-02 6.740000000000000435e-01 2.310000000000000109e-01
8.999999999999999320e-03 5.440000000000000391e-01 4.470000000000000084e-01
3.200000000000000067e-02 3.270000000000000129e-01 6.410000000000000142e-01
3.799999999999999906e-02 5.400000000000000355e-01 4.219999999999999862e-01
1.700000000000000122e-02 8.120000000000000551e-01 1.710000000000000131e-01
