7.000000000000000146e-03 7.820000000000000284e-01 2.109999999999999931e-01
5.099999999999999672e-02 4.739999999999999769e-01 4.759999999999999787e-01
7.599999999999999811e-02 9.240000000000000435e-01 0.000000000000000000e+00
2.800000000000000058e-02 6.919999999999999485e-01 2.800000000000000266e-01
3.400000000000000244e-02 6.189999999999999947e-01 3.469999999999999751e-01
2.100000000000000130e-02 9.000000000000000222e-01 7.900000000000000078e-02
1.299999999999999940e-02 5.430000000000000382e-01 4.440000000000000058e-01
5.000000000000000104e-03 7.630000000000000115e-01 2.320000000000000118e-01
8.300000000000000433e-02 4.050000000000000266e-01 5.110000000000000098e-01
3.899999999999999994e-02 8.930000000000000160e-01 6.700000000000000400e-02
6.000000000000000125e-03 5.889999999999999680e-01 4.050000000000000266e-01
8.000000000000000167e-03 7.389999999999999902e-01 2.530000000000000027e-01
4.499999999999999833e-02 9.549999999999999600e-01 0.000000000000000000e+00
8.000000000000000167e-03 9.529999999999999583e-01 3.799999999999999906e-02
2.000000000000000042e-03 6.079999999999999849e-01 3.900000000000000133e-01
