9.299999999999999933e-02 6.410000000000000142e-01 2.650000000000000133e-01
2.000000000000000042e-03 8.229999999999999538e-01 1.749999999999999889e-01
2.900000000000000147e-02 8.090000000000000524e-01 1.620000000000000051e-01
1.200000000000000025e-02 8.459999999999999742e-01 1.429999999999999882e-01
6.300000000000000044e-02 8.920000000000000151e-01 4.499999999999999833e-02
5.000000000000000104e-03 8.709999999999999964e-01 1.239999999999999991e-01
1.200000000000000025e-02 8.309999999999999609e-01 1.559999999999999998e-01
0.000000000000000000e+00 6.219999999999999973e-01 3.780000000000000027e-01
8.000000000000000167e-02 8.080000000000000515e-01 1.130000000000000032e-01
1.499999999999999944e-02 8.950000000000000178e-01 8.999999999999999667e-02
3.899999999999999994e-02 7.459999999999999964e-01 2.149999999999999967e-01
4.700000000000000011e-02 9.449999999999999512e-01 8.000000000000000167e-03
2.000000000000000042e-03 9.949999999999999956e-01 3.000000000000000062e-03
1.499999999999999944e-02 8.579999999999999849e-01 1.270000000000000018e-01
5.000000000000000104e-03 7.730000000000000204e-01 2.220000000000000029e-01
