5.000000000000000104e-03 5.919999999999999707e-01 4.030000000000000249e-01
4.499999999999999833e-02 9.509999999999999565e-01 4.000000000000000083e-03
1.299999999999999940e-02 8.629999999999999893e-01 1.239999999999999991e-01
8.699999999999999400e-02 8.719999999999999973e-01 4.100000000000000172e-02
9.900000000000000466e-02 5.769999999999999574e-01 3.240000000000000102e-01
2.699999999999999969e-02 8.359999999999999654e-01 1.380000000000000115e-01
5.000000000000000104e-03 8.579999999999999849e-01 1.370000000000000107e-01
8.999999999999999320e-03 6.300000000000000044e-01 3.609999999999999876e-01
6.400000000000000133e-02 9.310000000000000497e-01 5.000000000000000104e-03
0.000000000000000000e+00 8.209999999999999520e-01 1.789999999999999925e-01
1.299999999999999940e-02 9.819999999999999840e-01 5.000000000000000104e-03
4.700000000000000011e-02 9.429999999999999494e-01 1.000000000000000021e-02
5.099999999999999672e-02 5.180000000000000160e-01 4.319999999999999951e-01
8.100000000000000255e-02 6.250000000000000000e-01 2.939999999999999836e-01
1.200000000000000025e-02 6.310000000000000053e-01 3.569999999999999840e-01
