2.000000000000000042e-03 6.580000000000000293e-01 3.400000000000000244e-01
1.099999999999999936e-02 6.630000000000000338e-01 3.260000000000000120e-01
5.999999999999999778e-02 5.330000000000000293e-01 4.060000000000000275e-01
2.900000000000000147e-02 8.900000000000000133e-01 8.100000000000000255e-02
2.000000000000000042e-03 5.270000000000000240e-01 4.709999999999999742e-01
2.100000000000000130e-02 9.130000000000000338e-01 6.600000000000000311e-02
6.000000000000000125e-03 6.139999999999999902e-01 3.800000000000000044e-01
9.299999999999999933e-02 8.810000000000000053e-01 2.699999999999999969e-02
6.400000000000000133e-02 8.719999999999999973e-01 6.400000000000000133e-02
2.500000000000000139e-02 8.509999999999999787e-01 1.239999999999999991e-01
3.099999999999999978e-02 9.499999999999999556e-01 1.799999999999999864e-02
5.199999999999999761e-02 9.469999999999999529e-01 0.000000000000000000e+00
1.000000000000000021e-03 9.989999999999999991e-01 0.000000000000000000e+00
1.899999999999999953e-02 7.980000000000000426e-01 1.829999999999999960e-01
3.500000000000000333e-02 9.379999999999999449e-01 2.699999999999999969e-02
