7.699999999999999900e-02 5.749999999999999556e-01 3.479999999999999760e-01
2.000000000000000042e-03 7.319999999999999840e-01 2.660000000000000142e-01
7.000000000000000146e-03 7.650000000000000133e-01 2.280000000000000082e-01
4.000000000000000083e-03 6.079999999999999849e-01 3.870000000000000107e-01
5.000000000000000104e-03 8.459999999999999742e-01 1.489999999999999936e-01
4.000000000000000083e-02 5.370000000000000329e-01 4.229999999999999871e-01
2.000000000000000042e-03 6.690000000000000391e-01 3.290000000000000147e-01
9.400000000000000022e-02 9.060000000000000275e-01 1.000000000000000021e-03
2.299999999999999961e-02 9.759999999999999787e-01 1.000000000000000021e-03
2.000000000000000042e-03 7.289999999999999813e-01 2.690000000000000169e-01
5.199999999999999761e-02 7.530000000000000027e-01 1.960000000000000075e-01
4.000000000000000083e-03 8.689999999999999947e-01 1.270000000000000018e-01
1.000000000000000021e-02 9.749999999999999778e-01 1.499999999999999944e-02
5.899999999999999689e-02 4.759999999999999787e-01 4.650000000000000244e-01
6.099999999999999867e-02 9.389999999999999458e-01 0.000000000000000000e+00
