3.000000000000000062e-03 8.770000000000000018e-01 1.189999999999999947e-01
5.000000000000000104e-03 9.939999999999999947e-01 1.000000000000000021e-03
9.800000000000000377e-02 7.960000000000000409e-01 1.059999999999999970e-01
7.199999999999999456e-02 9.060000000000000275e-01 2.199999999999999872e-02
6.900000000000000577e-02 9.310000000000000497e-01 0.000000000000000000e+00
2.000000000000000042e-03 9.090000000000000302e-01 8.799999999999999489e-02
7.000000000000000146e-03 8.149999999999999467e-01 1.779999999999999916e-01
3.099999999999999978e-02 6.590000000000000302e-01 3.089999999999999969e-01
2.000000000000000042e-02 8.840000000000000080e-01 9.700000000000000289e-02
2.000000000000000042e-03 8.269999999999999574e-01 1.710000000000000131e-01
2.299999999999999961e-02 6.099999999999999867e-01 3.669999999999999929e-01
5.000000000000000104e-03 6.909999999999999476e-01 3.039999999999999925e-01
1.499999999999999944e-02 7.800000000000000266e-01 2.049999999999999878e-01
3.200000000000000067e-02 8.369999999999999662e-01 1.310000000000000053e-01
6.300000000000000044e-02 8.399999999999999689e-01 9.700000000000000289e-02
