3.400000000000000244e-02 9.110000000000000320e-01 5.500000000000000028e-02
9.400000000000000022e-02 8.920000000000000151e-01 1.400000000000000029e-02
9.500000000000000111e-02 5.500000000000000444e-01 3.539999999999999813e-01
4.900000000000000189e-02 6.680000000000000382e-01 2.829999999999999738e-01
2.000000000000000042e-03 9.969999999999999973e-01 0.000000000000000000e+00
2.699999999999999969e-02 6.570000000000000284e-01 3.160000000000000031e-01
1.200000000000000025e-02 7.099999999999999645e-01 2.780000000000000249e-01
1.200000000000000025e-02 7.169999999999999707e-01 2.710000000000000187e-01
3.200000000000000067e-02 8.950000000000000178e-01 7.299999999999999545e-02
1.400000000000000029e-02 6.390000000000000124e-01 3.469999999999999751e-01
1.799999999999999864e-02 7.680000000000000160e-01 2.139999999999999958e-01
5.800000000000000294e-02 7.389999999999999902e-01 2.030000000000000138e-01
1.099999999999999936e-02 8.020000000000000462e-01 1.869999999999999996e-01
3.000000000000000062e-03 9.389999999999999458e-01 5.800000000000000294e-02
1.000000000000000056e-01 8.990000000000000213e-01 1.000000000000000021e-03
