2.299999999999999961e-02 8.219999999999999529e-01 1.549999999999999989e-01
1.000000000000000021e-02 4.269999999999999907e-01 5.620000000000000551e-01
1.600000000000000033e-02 8.860000000000000098e-01 9.800000000000000377e-02
9.400000000000000022e-02 5.759999999999999565e-01 3.300000000000000155e-01
7.599999999999999811e-02 7.730000000000000204e-01 1.509999999999999953e-01
1.799999999999999864e-02 9.569999999999999618e-01 2.500000000000000139e-02
8.599999999999999312e-02 5.709999999999999520e-01 3.430000000000000271e-01
1.000000000000000021e-02 5.150000000000000133e-01 4.749999999999999778e-01
6.800000000000000488e-02 8.589999999999999858e-01 7.399999999999999634e-02
1.200000000000000025e-02 8.429999999999999716e-01 1.449999999999999900e-01
6.199999999999999956e-02 6.320000000000000062e-01 3.059999999999999942e-01
1.000000000000000021e-02 9.889999999999999902e-01 1.000000000000000021e-03
4.000000000000000083e-03 7.770000000000000240e-01 2.190000000000000002e-01
7.599999999999999811e-02 6.929999999999999494e-01 2.300000000000000100e-01
3.000000000000000062e-03 9.969999999999999973e-01 0.000000000000000000e+00
